20260518124329
20260518124401
20260519073941
20260519073952
20260519075715
20260519111620
20260519142312
20260519203350
20260519203447
20260519203522
20260526115114
20260526203320
20260526232558
20260526233833
20260527003234
20260527161315
20260527203521
20260528112056
20260528115241
20260528115620
20260528120801
20260528122142
20260528165729
20260528182256
20260528192627
20260528205257
20260528214949
20260528225652
20260528234220
20260601105710
20260601145135
20260601164344
20260601180517
20260601182540
20260601195506
20260601202039
20260601214353
20260602142307
20260602142659
20260602143404
20260602143639
20260602144203
20260602144602
20260602145239
20260602145555
20260602150006
20260602151332
20260602152221
20260602154609
20260602155237
20260602160132
20260602160245
20260602170159
20260602171637
20260602195652
20260602203232
20260602204417
20260604110826
20260604191654
20260604192735
20260608080910
20260608081720
20260608082656
20260608095337
20260608103556
20260608130744
20260608150000
20260608152139
20260608165242
20260608172813
20260608174941
20260608223322
20260608230655
20260608230743
20260608235511
20260609080012
20260609082926
20260609091620
20260609100040
20260609125515
20260609131225
20260609181836
20260609182048
20260609222247
20260609223703
20260610122834
20260610130347
20260610131007
20260610153949
20260613024657
20260615114128
20260615114233
20260618135320
20260618135921
20260618152223
20260618154755
20260619070937
20260619133711
20260621194033
20260623153029
20260624141157
20260624233124
20260624234251
20260624234935
20260625204535
20260625231919
20260625232527
20260626002442
20260626012023
20260626071514
20260626111610
20260626130000
20260626130100
20260626130200
20260626130300
20260626133033
20260626133131
20260629115221
20260629115424
20260629115507
20260629115544
20260629124734
20260629141057
20260629143343
20260629145430
20260629162531
20260629174733
20260630112041
20260630180000
20260630235235
20260630235335
20260701003824
20260702105646
20260702140928
20260705120000
20260705235243
20260705235326
20260707120000
20260709144202
20260709150000
20260709210000
20260710000814
20260710000909
20260710001023
20260710020446
20260710030950
20260710031332
20260710062206
20260710090757
20260710173651
20260710180500
20260711004046
20260711005941
20260712120000
20260713161357
20260713171500
20260715000000
20260715090000
20260718013827
20260718020811
20260718020912
20260718054115
20260718054214
20260718061302
20260718090000
20260718110000
20260718120000
20260718120802
20260718125437
20260718125513
20260718130000
20260718130001
20260718195944
20260718205104
20260718205159
20260718212720
20260718225008
20260718230331
20260719100000
20260719101000
20260719102000
20260719103000
20260719104000
20260719105000
20260719106000
20260719107000
20260719108000
20260719120000
20260719122420
20260719123238
20260719233818
20260720014218
20260720035839
20260721120000
20260721120001
20260721223403
20260721224347
20260722100000
20260722101000
20260722102000
20260722103000
20260722104000
20260722144523
20260723120000
20260725120000
20260728140000
20260729100000
20260729110000
20260729120000
20260729130000
20260730090000
20260730120000
20260730120001
20260731130000
20260801120000
20260802120000
20260802120001
20260803120000
20260803130000
20260803150000
20260803153000
20260803160000
20260803170000
20260804120000
20260804130000
20260805120000
20260806120000
20260809120000
20260810120000
20260811120000
20260818120000
20260819090000
20260819120000
20260819130000
20260819140000
20260824120000
20260824130000
20260824140000
20260824150000
20260826120000
20260831120000
20260831121000
20260831130000
20260831140000
20260831150000
20260831160000
20260904120000
20260907140000
20260909120000
20260909210000
20260910120000
20260910134500
20260910140000
20260910150000
20260911090000
20260912090000
20260912091000
20260912092000
20260913120000
20260913210000
20260913213000
20260921120000
20260921130000
20260922170000
20260924130000
20260925100000
20260925101000
20260925102000
20260925121000
20260925130000
20260926120000
20260926140000
20260926160000
20260927100000
20260927120000
20260928120000
20260929120000
20260929140000
20260929150000
20260929151000
20260929152000
20260929153000
20260929154000
20260929155000
20260929156000
20260929157000
20260929180000
20260930100000
20260930101000
20260930140000
20260930190000
20260930200000
20261001090000
20261001100000
20261001120000
20261003190000
20261005120000
20261006090000
20261006150000
20261006170000
20261006200000
20261009120000
20261009120100
20261009130000
