20260518124328
20260518124400
20260519073940
20260519075714
20260519111618
20260519142310
20260526115111
20260526203319
20260526232557
20260526233832
20260527003233
20260527161313
20260527203520
20260528112055
20260528115240
20260528120800
20260528122141
20260528165727
20260528182255
20260528192626
20260528205256
20260528214947
20260528225650
20260528234219
20260601105709
20260601145133
20260601164335
20260601180516
20260601195505
20260601202038
20260601214352
20260602142306
20260602142658
20260602143403
20260602143638
20260602144202
20260602144601
20260602145238
20260602145554
20260602150005
20260602151331
20260602152219
20260602154608
20260602155236
20260602160131
20260602160244
20260602170157
20260602171635
20260602195651
20260602203231
20260602204416
20260604110825
20260604191652
20260604192734
20260608080909
20260608081719
20260608082655
20260608095336
20260608103555
20260608130743
20260608152138
20260608165241
20260608172812
20260608174940
20260608223321
20260608230653
20260608230741
20260608235510
20260609080011
20260609082925
20260609091618
20260609100039
20260609125513
20260609131223
20260609181834
20260609182046
20260609222246
20260609223701
20260610122833
20260610130345
20260610131006
20260610153948
20260613024656
20260615114127
20260615114231
20260618135319
20260618135920
20260618152222
20260618154754
20260619070936
20260619133710
20260621194031
20260623153027
20260624141156
20260624233123
20260624234250
20260624234934
20260625204534
20260625231918
20260625232526
20260626002441
20260626012022
20260626071512
20260626111609
20260626133031
20260626133130
20260629115220
20260629115421
20260629115506
20260629115543
20260629124733
20260629141055
20260629143342
20260629145429
20260629162530
20260629174732
20260630112040
20260630235234
20260630235334
20260701003823
20260702105645
20260702140927
20260705235245
20260705235327
20260709144203
20260710020448
20260710031337
20260710090758
20260710173652
20260711005942
20260713161358
20260718020915
20260718061303
20260718120804
20260718125515
20260718195945
20260718205202
20260718212722
20260718225009
20260719123239
20260720002000
20260720005312
20260720014500
20260720035840
20260721223443
20260722144524
20260722222753
20260723104256
20260723104401
20260723104607
20260723104736
20260723104831
20260725002914
20260725011554
20260725014458
20260725015507
20260725022148
20260727231829
20260728120107
20260728120541
20260729132308
20260729132606
20260729154639
20260729160608
20260729172848
20260729214447
20260730134437
20260731113207
20260801171323
20260803231349
20260803232819
20260804123233
20260804123358
20260804124331
20260804130823
20260805224439
20260806050424
20260806054006
20260806060755
20260806060917
20260807201517
20260817125230
20260817125346
20260817125458
20260819130236
20260819130304
20260819231307
20260819231520
20260820112529
20260820152622
20260820184143
20260824102540
20260824115814
20260824124651
20260825122408
20260825122949
20260825123019
20260904174458
20260909125245
20260909213836
20260909225810
20260910133210
20260910144303
20260910150242
20260910210751
20260911131255
20260913194651
20260916162804
